Id,avg_daily_calories
1503960366,1900.6842105263158
1624580081,1428.2631578947369
1644430081,2916.4
1844505072,1785.0833333333333
1927972279,2439
2022484408,2674.5
2026352035,1477.0833333333333
2320127002,1709.0833333333333
2347167796,2177.6
2873212765,1860.9166666666667
2891001357,2273.375
3372868164,1860.3
3977333714,1518.9166666666667
4020332650,3189.5625
4057192912,1974.96875
4319703577,1994.25
4388161847,1805.25
4445114986,2248.6666666666665
4558609924,1989.25
4702921684,3017.9333333333334
5553957443,1971.3333333333333
5577150313,3300.2727272727275
6117666160,2099.3
6290855005,2165.6
6391747486,1763.111111111111
6775888955,2724.777777777778
6962181067,2231.6428571428573
7007744171,2871.8333333333335
7086361926,2408
8053475328,3182.818181818182
8253242879,1633.3333333333333
8378563200,3659.0833333333335
8583815059,2391.25
8792009665,2244
8877689391,3777.9166666666665
