Id,TotalCalories
1503960366,36113
1624580081,27137
1644430081,29164
1844505072,21421
1927972279,29268
2022484408,32094
2026352035,17725
2320127002,20509
2347167796,32664
2873212765,22331
2891001357,18187
3372868164,18603
3977333714,18227
4020332650,102066
4057192912,63199
4319703577,23931
4388161847,14442
4445114986,33730
4558609924,23871
4702921684,45269
5553957443,23656
5577150313,36303
6117666160,20993
6290855005,21656
6391747486,15868
6775888955,24523
6962181067,31243
7007744171,34462
7086361926,28896
8053475328,35011
8253242879,19600
8378563200,43909
8583815059,19130
8792009665,26928
8877689391,45335
