Id,TotalSteps,TotalCalories,TotalSleepMinutes,WeightLogs
1503960366,234332,36113,9007,1
8877689391,232191,45335,0,9
4020332650,193390,102066,2795,0
6962181067,187155,31243,13888,14
8053475328,181348,35011,891,0
7007744171,161296,34462,137,0
2022484408,157974,32094,0,0
2347167796,157114,32664,6702,1
4702921684,126364,45269,11272,1
3977333714,112823,18227,8222,0
5553957443,111853,23656,14368,0
8378563200,105249,43909,13799,0
5577150313,94690,36303,11232,0
4319703577,93847,23931,12393,0
1644430081,92748,29164,1176,0
1624580081,88462,27137,0,0
2873212765,88435,22331,0,2
7086361926,84564,28896,10875,0
6117666160,82486,20993,8618,0
4558609924,74558,23871,638,1
4445114986,67672,33730,10785,1
4057192912,65785,63199,0,0
3372868164,61275,18603,0,0
1844505072,50384,21421,1956,0
6775888955,50031,24523,1049,0
2320127002,48386,20509,61,0
2026352035,45127,17725,14173,0
8792009665,39703,26928,6535,0
8253242879,37712,19600,0,1
1927972279,26848,29268,2085,1
8583815059,24364,19130,0,0
6290855005,16181,21656,0,0
6391747486,12032,15868,0,0
2891001357,6189,18187,0,1
4388161847,0,14442,9204,0
