TotalSteps,TotalCalories,TotalSleepMinutes
234332,36113,9007
232191,45335,0
193390,102066,2795
187155,31243,13888
181348,35011,891
161296,34462,137
157974,32094,0
157114,32664,6702
126364,45269,11272
112823,18227,8222
111853,23656,14368
105249,43909,13799
94690,36303,11232
93847,23931,12393
92748,29164,1176
88462,27137,0
88435,22331,0
84564,28896,10875
82486,20993,8618
74558,23871,638
67672,33730,10785
65785,63199,0
61275,18603,0
50384,21421,1956
50031,24523,1049
48386,20509,61
45127,17725,14173
39703,26928,6535
37712,19600,0
26848,29268,2085
24364,19130,0
16181,21656,0
12032,15868,0
6189,18187,0
0,14442,9204
