Id,TotalSteps
1503960366,234332
1624580081,88462
1644430081,92748
1844505072,50384
1927972279,26848
2022484408,157974
2026352035,45127
2320127002,48386
2347167796,157114
2873212765,88435
2891001357,6189
3372868164,61275
3977333714,112823
4020332650,193390
4057192912,65785
4319703577,93847
4388161847,0
4445114986,67672
4558609924,74558
4702921684,126364
5553957443,111853
5577150313,94690
6117666160,82486
6290855005,16181
6391747486,12032
6775888955,50031
6962181067,187155
7007744171,161296
7086361926,84564
8053475328,181348
8253242879,37712
8378563200,105249
8583815059,24364
8792009665,39703
8877689391,232191
